00000001    00000001 //first column is ram location in binary
00000010    00110000 //Second column is instruction op code
00000011    00000011 //check ProgramInstructions.txt for clarity
00000100    01001001 
00000101    00001000 
00000110    00010110 
00000111    00000001 
00001000    00110000 
00001001    00001110 
00001010    00000100 
00001011    00000010 
00001100    00000100 
00001101    00001000 
00001110    00000001 
00001111    01001011 
00010000    00000010 
00010001    01001100 
00010010    00000100 
00010011    01001011 
00010100    00000110 
00010101    00000001 
00010110    00000001                  
00010111    01001011                                   
00011000    00000010 
00011001    01001100                                        
00011010    00000111 
00011011    00011111 
00011100    00000101 
00011101    11001000 
00011110    00001110 
00011111    00000001                              
00100000    01001110 
00100001    00000011 
00100010    01001010 
00100011    00001000 
00100100    00101110 
00100101    00000001 
00100110    01001110 
00100111    00001110 
00101000    00000100 
00101001    00100000 
00101010    00000100 
00101011    00100110 
00101100    00000110 
00101101    00011111 
00101110    00001111                                            

00110000    00110001                                         
00110001    01000111
00110010    00110110
00110011    00111100
00110100    01000000
00110101    00110010
00110110    00111010
00110111    00110011
00111000    00111001
00111001    01000100
00111010    01000011
00111011    00111111
00111100    00111011
00111101    00110111
00111110    00110000
00111111    01000110
01000000    01000010
01000001    00111101
01000010    00110101
01000011    00110100
01000100    01000101
01000101    00111110
01000110    01000001
01000111    00111000

01001001    00110000
01001010    01001110
01001011    00000000
01001100    00000001

01001110    01100100                                             
01001111    01011000
01010000    01010000
01010001    01001110
01010010    01011100
01010011    01100010
01010100    01001111
01010101    01010101
01010110    01010001
01010111    01010111
01011000    01010110
01011001    01010010
01011010    01011111
01011011    01100000
01011100    01100001
01011101    01010011
01011110    01011001
01011111    01011110
01100000    01100011
01100001    01011101
01100010    01011010
01100011    01010100
01100100    01011011
01100101    01100101